[[-0.63757065 -0.01022126 -0.77032408]
 [ 0.00993453 -0.99993792  0.00504548]
 [-0.77032783 -0.00443596  0.63763262]]
[[-0.63353002 -0.00471165 -0.77370377]
 [ 0.00482863 -0.99998606  0.00213583]
 [-0.77370305 -0.00238281  0.63354394]]
[[-0.63099574 -0.01532568 -0.7756349 ]
 [ 0.01518395 -0.99985731  0.00740359]
 [-0.77563769 -0.00710556  0.6311384 ]]
[[-0.6293974  -0.01458119 -0.77694678]
 [ 0.01442158 -0.99987092  0.00708208]
 [-0.77694976 -0.00674736  0.62952644]]
[[-0.62809962 -0.01654787 -0.77795696]
 [ 0.01625902 -0.99983468  0.00814036]
 [-0.77796305 -0.00753586  0.62826483]]
[[-0.62694528 -0.01774098 -0.77886127]
 [ 0.01731547 -0.99981103  0.00883569]
 [-0.77887084 -0.00794685  0.627134  ]]
[[-0.62483166 -0.01997527 -0.78050393]
 [ 0.01922284 -0.99976321  0.0101979 ]
 [-0.78052282 -0.00863154  0.62506769]]
[[-0.62424438 -0.02039254 -0.78096293]
 [ 0.01948502 -0.99975469  0.01053075]
 [-0.7809861  -0.00864331  0.6244886 ]]
[[-0.62376605 -0.0207788  -0.78133485]
 [ 0.01972311 -0.9997467   0.01084161]
 [-0.78136221 -0.00864773  0.62401787]]
[[-0.62310147 -0.02121056 -0.78185336]
 [ 0.01992124 -0.99973831  0.01124514]
 [-0.78188727 -0.00856862  0.62336095]]
[[-0.62292676 -0.02134079 -0.78198902]
 [ 0.01996978 -0.99973587  0.01137541]
 [-0.78202523 -0.0085301   0.6231884 ]]
[[-0.6227171  -0.02144167 -0.78215322]
 [ 0.01996672 -0.99973439  0.01150971]
 [-0.78219227 -0.00844974  0.62297982]]
[[-0.62258967 -0.02152393 -0.78225241]
 [ 0.01997753 -0.99973304  0.011608  ]
 [-0.78229343 -0.00840044  0.62285345]]
[[-0.62249201 -0.02155737 -0.7823292 ]
 [ 0.01995242 -0.9997328   0.01167205]
 [-0.78237178 -0.0083436   0.6227558 ]]
[[-0.62242984 -0.02159869 -0.78237752]
 [ 0.01995296 -0.99973216  0.01172527]
 [-0.78242122 -0.00831259  0.62269409]]
[[-0.62237218 -0.02161179 -0.78242303]
 [ 0.01992687 -0.99973223  0.01176355]
 [-0.78246776 -0.00826994  0.62263618]]
[[-0.62234632 -0.02163173 -0.78244305]
 [ 0.0199277  -0.99973192  0.01178872]
 [-0.78248831 -0.00825563  0.62261055]]
[[-0.62230018 -0.02163894 -0.78247955]
 [ 0.01990077 -0.99973209  0.01181997]
 [-0.78252568 -0.00821638  0.62256409]]
[[-0.62228389 -0.02165892 -0.78249195]
 [ 0.01990736 -0.99973171  0.01184048]
 [-0.78253847 -0.00820921  0.62254811]]
[[-0.62228019 -0.02165372 -0.78249504]
 [ 0.0198994  -0.99973188  0.01184021]
 [-0.78254162 -0.00820325  0.62254423]]
[[-0.62226882 -0.02164938 -0.7825042 ]
 [ 0.01988632 -0.99973208  0.01184523]
 [-0.78255099 -0.00819021  0.62253263]]
[[-0.62226338 -0.02165628 -0.78250833]
 [ 0.01988892 -0.99973194  0.01185205]
 [-0.78255525 -0.00818815  0.6225273 ]]
[[-0.62225853 -0.02164989 -0.78251236]
 [ 0.01987925 -0.99973214  0.01185164]
 [-0.78255935 -0.00818098  0.62252224]]
[[-0.62225581 -0.02165436 -0.78251441]
 [ 0.01988185 -0.99973205  0.01185532]
 [-0.78256145 -0.0081808   0.6225196 ]]
[[-0.62225243 -0.02164794 -0.78251727]
 [ 0.01987364 -0.99973223  0.01185369]
 [-0.78256434 -0.00817548  0.62251603]]
[[-0.62225035 -0.02165408 -0.78251876]
 [ 0.01987881 -0.99973208  0.01185745]
 [-0.78256587 -0.00817724  0.62251409]]
[[-0.62225008 -0.02165201 -0.78251903]
 [ 0.01987672 -0.99973213  0.01185648]
 [-0.78256614 -0.00817621  0.62251377]]
[[-0.62224916 -0.02164691 -0.7825199 ]
 [ 0.01987153 -0.99973227  0.0118541 ]
 [-0.782567   -0.00817367  0.62251272]]
[[-0.62224755 -0.0216488  -0.78252112]
 [ 0.01987341 -0.99973222  0.01185505]
 [-0.78256823 -0.00817459  0.62251116]]
[[-0.6222471  -0.02164377 -0.78252163]
 [ 0.01986862 -0.99973234  0.01185244]
 [-0.78256871 -0.00817248  0.62251058]]
[[-0.62224656 -0.02164462 -0.78252203]
 [ 0.01986993 -0.99973232  0.01185248]
 [-0.7825691  -0.00817349  0.62251007]]
[[-0.62224622 -0.0216411  -0.7825224 ]
 [ 0.01986677 -0.9997324   0.0118505 ]
 [-0.78256945 -0.00817226  0.62250965]]
[[-0.62224592 -0.02164209 -0.78252261]
 [ 0.01986833 -0.99973237  0.01185053]
 [-0.78256965 -0.00817347  0.62250938]]
[[-0.62224559 -0.02163745 -0.782523  ]
 [ 0.01986421 -0.99973248  0.01184789]
 [-0.78257002 -0.00817191  0.62250894]]
[[-0.62224556 -0.02163876 -0.78252299]
 [ 0.01986573 -0.99973245  0.01184836]
 [-0.78257001 -0.0081728   0.62250894]]
[[-0.62224437 -0.02163338 -0.78252408]
 [ 0.01986373 -0.99973255  0.01184309]
 [-0.782571   -0.00817455  0.62250767]]
[[-0.62224433 -0.02163033 -0.7825242 ]
 [ 0.0198609  -0.99973263  0.01184144]
 [-0.78257111 -0.00817337  0.62250756]]
[[-0.62224437 -0.02163102 -0.78252415]
 [ 0.01986175 -0.99973261  0.01184165]
 [-0.78257106 -0.0081739   0.62250761]]
[[-0.62224438 -0.02162972 -0.78252417]
 [ 0.01986092 -0.99973264  0.01184065]
 [-0.78257106 -0.00817388  0.6225076 ]]
[[-0.6222444  -0.02163013 -0.78252415]
 [ 0.01986147 -0.99973262  0.01184073]
 [-0.78257104 -0.00817425  0.62250763]]
[[-0.62224437 -0.02162905 -0.7825242 ]
 [ 0.01986065 -0.99973265  0.01184001]
 [-0.78257108 -0.00817406  0.62250758]]
[[-0.62224437 -0.02162935 -0.78252419]
 [ 0.01986101 -0.99973264  0.0118401 ]
 [-0.78257107 -0.00817429  0.62250759]]
[[-0.62224428 -0.02162761 -0.78252431]
 [ 0.01986035 -0.99973267  0.0118384 ]
 [-0.78257116 -0.00817483  0.62250747]]
[[-0.62224425 -0.02162721 -0.78252435]
 [ 0.01985998 -0.99973268  0.01183818]
 [-0.78257119 -0.00817468  0.62250743]]
[[-0.62224425 -0.02162739 -0.78252435]
 [ 0.01986019 -0.99973268  0.01183826]
 [-0.78257119 -0.00817479  0.62250743]]
[[-0.62224422 -0.02162703 -0.78252438]
 [ 0.01985988 -0.99973269  0.01183804]
 [-0.78257122 -0.00817469  0.6225074 ]]
[[-0.62224422 -0.02162707 -0.78252438]
 [ 0.01985992 -0.99973269  0.01183806]
 [-0.78257122 -0.00817471  0.6225074 ]]
[[-0.62224422 -0.02162722 -0.78252437]
 [ 0.01986009 -0.99973268  0.01183811]
 [-0.78257122 -0.00817481  0.6225074 ]]
[[-0.62224421 -0.02162699 -0.78252439]
 [ 0.01985989 -0.99973269  0.01183797]
 [-0.78257123 -0.00817474  0.62250738]]
[[-0.6222442  -0.02162709 -0.78252439]
 [ 0.01986001 -0.99973268  0.01183801]
 [-0.78257123 -0.00817481  0.62250738]]
[[-0.62224419 -0.0216269  -0.7825244 ]
 [ 0.01985985 -0.99973269  0.01183789]
 [-0.78257124 -0.00817476  0.62250737]]
[[-0.62224419 -0.02162698 -0.7825244 ]
 [ 0.01985995 -0.99973269  0.01183792]
 [-0.78257124 -0.00817482  0.62250737]]
[[-0.62224418 -0.02162679 -0.78252442]
 [ 0.0198598  -0.99973269  0.0118378 ]
 [-0.78257125 -0.00817477  0.62250735]]
[[-0.62224418 -0.02162684 -0.78252441]
 [ 0.01985985 -0.99973269  0.01183782]
 [-0.78257125 -0.0081748   0.62250735]]
[[-0.62224417 -0.02162686 -0.78252442]
 [ 0.01985992 -0.99973269  0.01183779]
 [-0.78257126 -0.00817487  0.62250735]]
[[-0.62224417 -0.02162685 -0.78252442]
 [ 0.0198599  -0.99973269  0.01183779]
 [-0.78257126 -0.00817487  0.62250735]]
[[-0.62224417 -0.02162677 -0.78252442]
 [ 0.01985983 -0.99973269  0.01183774]
 [-0.78257126 -0.00817484  0.62250734]]
[[-0.62224416 -0.02162665 -0.78252443]
 [ 0.01985975 -0.99973269  0.01183766]
 [-0.78257127 -0.00817482  0.62250733]]
[[-0.62224416 -0.02162669 -0.78252443]
 [ 0.01985979 -0.99973269  0.01183767]
 [-0.78257127 -0.00817485  0.62250733]]
[[-0.62224416 -0.02162656 -0.78252444]
 [ 0.0198597  -0.9997327   0.01183758]
 [-0.78257128 -0.00817483  0.62250732]]
[[-0.62224416 -0.02162658 -0.78252444]
 [ 0.01985972 -0.9997327   0.01183759]
 [-0.78257128 -0.00817485  0.62250733]]
[[-0.62224416 -0.02162663 -0.78252444]
 [ 0.01985978 -0.99973269  0.01183761]
 [-0.78257127 -0.00817488  0.62250733]]
[[-0.62224415 -0.0216266  -0.78252444]
 [ 0.01985975 -0.9997327   0.01183759]
 [-0.78257128 -0.00817487  0.62250732]]
[[-0.62224415 -0.02162655 -0.78252445]
 [ 0.01985971 -0.9997327   0.01183756]
 [-0.78257128 -0.00817486  0.62250732]]
[[-0.62224415 -0.02162657 -0.78252445]
 [ 0.01985973 -0.9997327   0.01183756]
 [-0.78257128 -0.00817487  0.62250732]]
[[-0.62224415 -0.02162652 -0.78252445]
 [ 0.0198597  -0.9997327   0.01183753]
 [-0.78257128 -0.00817487  0.62250732]]
[[-0.62224415 -0.02162655 -0.78252445]
 [ 0.01985973 -0.9997327   0.01183754]
 [-0.78257128 -0.00817488  0.62250732]]
[[-0.62224415 -0.02162653 -0.78252445]
 [ 0.01985971 -0.9997327   0.01183753]
 [-0.78257128 -0.00817488  0.62250732]]
[[-0.62224415 -0.02162648 -0.78252445]
 [ 0.01985967 -0.9997327   0.01183749]
 [-0.78257129 -0.00817487  0.62250731]]
[[-0.62224415 -0.02162648 -0.78252445]
 [ 0.01985968 -0.9997327   0.0118375 ]
 [-0.78257129 -0.00817487  0.62250731]]
[[-0.62224415 -0.0216265  -0.78252445]
 [ 0.0198597  -0.9997327   0.0118375 ]
 [-0.78257128 -0.00817488  0.62250731]]
[[-0.62224414 -0.02162647 -0.78252445]
 [ 0.01985968 -0.9997327   0.01183749]
 [-0.78257129 -0.00817488  0.62250731]]
[[-0.62224414 -0.02162648 -0.78252445]
 [ 0.0198597  -0.9997327   0.01183749]
 [-0.78257129 -0.00817489  0.62250731]]
[[-0.62224414 -0.02162646 -0.78252445]
 [ 0.01985968 -0.9997327   0.01183748]
 [-0.78257129 -0.00817488  0.62250731]]
[[-0.62224414 -0.02162647 -0.78252446]
 [ 0.01985969 -0.9997327   0.01183748]
 [-0.78257129 -0.00817489  0.62250731]]
[[-0.62224414 -0.02162646 -0.78252446]
 [ 0.01985968 -0.9997327   0.01183747]
 [-0.78257129 -0.00817489  0.62250731]]
[[-0.62224414 -0.02162644 -0.78252446]
 [ 0.01985966 -0.9997327   0.01183746]
 [-0.78257129 -0.00817488  0.62250731]]
[[-0.62224414 -0.02162644 -0.78252446]
 [ 0.01985966 -0.9997327   0.01183746]
 [-0.78257129 -0.00817489  0.62250731]]
[[-0.62224414 -0.02162645 -0.78252446]
 [ 0.01985968 -0.9997327   0.01183746]
 [-0.78257129 -0.00817489  0.62250731]]
[[-0.62224414 -0.02162644 -0.78252446]
 [ 0.01985967 -0.9997327   0.01183745]
 [-0.78257129 -0.00817489  0.62250731]]
[[-0.62224414 -0.02162644 -0.78252446]
 [ 0.01985967 -0.9997327   0.01183745]
 [-0.78257129 -0.0081749   0.62250731]]
[[-0.62224414 -0.02162643 -0.78252446]
 [ 0.01985966 -0.9997327   0.01183744]
 [-0.78257129 -0.00817489  0.62250731]]
[[-0.62224414 -0.02162639 -0.78252446]
 [ 0.01985964 -0.9997327   0.01183741]
 [-0.78257129 -0.0081749   0.6225073 ]]
[[-0.62224414 -0.0216264  -0.78252446]
 [ 0.01985965 -0.9997327   0.01183741]
 [-0.78257129 -0.0081749   0.6225073 ]]
[[-0.62224414 -0.02162639 -0.78252446]
 [ 0.01985965 -0.9997327   0.01183741]
 [-0.78257129 -0.0081749   0.6225073 ]]
[[-0.62224414 -0.02162639 -0.78252446]
 [ 0.01985965 -0.9997327   0.01183741]
 [-0.78257129 -0.0081749   0.6225073 ]]
[[-0.62224414 -0.02162639 -0.78252446]
 [ 0.01985965 -0.9997327   0.01183741]
 [-0.78257129 -0.0081749   0.6225073 ]]
